  294  VIBRATION_ROTATION  GOORVITCH94
    21    3.25
2285.9275 1.156E-02 2.143E+01  4488.0010 6.087E-04 2.430E-20  1  0 R  48 26
2283.9695 1.155E-02 2.136E+01  4306.1372 5.954E-04 2.592E-20  1  0 R  47 26
2281.9695 1.155E-02 2.129E+01  4127.9541 5.821E-04 2.759E-20  1  0 R  46 26
2279.9277 1.154E-02 2.121E+01  3953.4575 5.689E-04 2.930E-20  1  0 R  45 26
2277.8442 1.153E-02 2.114E+01  3782.6545 5.557E-04 3.104E-20  1  0 R  44 26
2275.7192 1.152E-02 2.106E+01  3615.5520 5.425E-04 3.282E-20  1  0 R  43 26
2273.5527 1.152E-02 2.098E+01  3452.1562 5.293E-04 3.462E-20  1  0 R  42 26
2271.3450 1.151E-02 2.090E+01  3292.4734 5.162E-04 3.642E-20  1  0 R  41 26
2269.0959 1.150E-02 2.082E+01  3136.5095 5.031E-04 3.824E-20  1  0 R  40 26
2266.8062 1.150E-02 2.074E+01  2984.2705 4.900E-04 4.004E-20  1  0 R  39 26
2264.4756 1.149E-02 2.066E+01  2835.7627 4.770E-04 4.183E-20  1  0 R  38 26
2262.1040 1.148E-02 2.057E+01  2690.9912 4.640E-04 4.360E-20  1  0 R  37 26
2259.6921 1.148E-02 2.049E+01  2549.9619 4.511E-04 4.532E-20  1  0 R  36 26
2257.7334 2.298E-02 4.104E+01  6590.1069 1.195E-03 1.728E-20  2  1 R  48 26
2257.2397 1.147E-02 2.040E+01  2412.6802 4.382E-04 4.699E-20  1  0 R  35 26
2255.8105 2.296E-02 4.091E+01  6409.9233 1.169E-03 1.842E-20  2  1 R  47 26
2254.7473 1.146E-02 2.031E+01  2279.1509 4.253E-04 4.859E-20  1  0 R  34 26
2253.8457 2.295E-02 4.077E+01  6233.3853 1.143E-03 1.960E-20  2  1 R  46 26
2252.2144 1.146E-02 2.023E+01  2149.3799 4.124E-04 5.012E-20  1  0 R  33 26
2251.8389 2.294E-02 4.063E+01  6060.4990 1.117E-03 2.080E-20  2  1 R  45 26
2249.7903 2.292E-02 4.049E+01  5891.2710 1.091E-03 2.202E-20  2  1 R  44 26
2249.6416 1.145E-02 2.014E+01  2023.3715 3.996E-04 5.156E-20  1  0 R  32 26
2247.7002 2.291E-02 4.034E+01  5725.7090 1.065E-03 2.327E-20  2  1 R  43 26
2247.0293 1.144E-02 2.005E+01  1901.1309 3.869E-04 5.289E-20  1  0 R  31 26
2245.5688 2.290E-02 4.019E+01  5563.8184 1.040E-03 2.452E-20  2  1 R  42 26
2244.3770 1.144E-02 1.996E+01  1782.6624 3.741E-04 5.410E-20  1  0 R  30 26
2243.3960 2.289E-02 4.005E+01  5405.6055 1.014E-03 2.579E-20  2  1 R  41 26
2241.6853 1.143E-02 1.986E+01  1667.9709 3.614E-04 5.519E-20  1  0 R  29 26
2241.1821 2.288E-02 3.989E+01  5251.0767 9.882E-04 2.706E-20  2  1 R  40 26
2238.9541 1.143E-02 1.977E+01  1557.0607 3.488E-04 5.613E-20  1  0 R  28 26
2238.9272 2.286E-02 3.974E+01  5100.2383 9.626E-04 2.832E-20  2  1 R  39 26
2236.6316 2.285E-02 3.959E+01  4953.0952 9.371E-04 2.957E-20  2  1 R  38 26
2236.1838 1.142E-02 1.968E+01  1449.9359 3.362E-04 5.691E-20  1  0 R  27 26
2234.2952 2.284E-02 3.943E+01  4809.6538 9.117E-04 3.079E-20  2  1 R  37 26
2233.3743 1.142E-02 1.958E+01  1346.6008 3.236E-04 5.752E-20  1  0 R  26 26
2231.9182 2.283E-02 3.927E+01  4669.9199 8.863E-04 3.199E-20  2  1 R  36 26
2230.5259 1.141E-02 1.948E+01  1247.0592 3.111E-04 5.796E-20  1  0 R  25 26
2229.6055 3.424E-02 5.892E+01  8665.7344 1.759E-03 9.336E-21  3  2 R  48 26
2229.5007 2.282E-02 3.911E+01  4533.8984 8.610E-04 3.315E-20  2  1 R  35 26
2227.7175 3.423E-02 5.872E+01  8487.2305 1.721E-03 9.945E-21  3  2 R  47 26
2227.6387 1.140E-02 1.938E+01  1151.3149 2.986E-04 5.820E-20  1  0 R  24 26
2227.0432 2.281E-02 3.895E+01  4401.5942 8.357E-04 3.427E-20  2  1 R  34 26
2225.7876 3.421E-02 5.853E+01  8312.3379 1.682E-03 1.057E-20  3  2 R  46 26
2224.7126 1.140E-02 1.928E+01  1059.3718 2.861E-04 5.825E-20  1  0 R  23 26
2224.5454 2.280E-02 3.878E+01  4273.0132 8.105E-04 3.533E-20  2  1 R  33 26
2223.8159 3.419E-02 5.833E+01  8141.0615 1.644E-03 1.121E-20  3  2 R  45 26
2222.0076 2.278E-02 3.861E+01  4148.1602 7.854E-04 3.632E-20  2  1 R  32 26
2221.8025 3.418E-02 5.813E+01  7973.4092 1.606E-03 1.186E-20  3  2 R  44 26
2221.7483 1.139E-02 1.918E+01   971.2332 2.737E-04 5.808E-20  1  0 R  22 26
2219.7473 3.416E-02 5.793E+01  7809.3872 1.569E-03 1.252E-20  3  2 R  43 26
2219.4302 2.277E-02 3.844E+01  4027.0393 7.604E-04 3.724E-20  2  1 R  31 26
2218.7456 1.139E-02 1.907E+01   886.9024 2.613E-04 5.770E-20  1  0 R  21 26
2217.6509 3.415E-02 5.773E+01  7649.0015 1.531E-03 1.319E-20  3  2 R  42 26
2216.8127 2.276E-02 3.827E+01  3909.6562 7.354E-04 3.808E-20  2  1 R  30 26
2215.7043 1.138E-02 1.897E+01   806.3828 2.490E-04 5.710E-20  1  0 R  20 26
2215.5132 3.413E-02 5.752E+01  7492.2588 1.493E-03 1.386E-20  3  2 R  41 26
2214.1560 2.275E-02 3.809E+01  3796.0149 7.105E-04 3.883E-20  2  1 R  29 26
2213.3342 3.411E-02 5.730E+01  7339.1655 1.455E-03 1.454E-20  3  2 R  40 26
2212.6252 1.138E-02 1.886E+01   729.6774 2.367E-04 5.627E-20  1  0 R  19 26
2211.4600 2.274E-02 3.792E+01  3686.1196 6.857E-04 3.947E-20  2  1 R  28 26
2211.1143 3.410E-02 5.709E+01  7189.7266 1.418E-03 1.520E-20  3  2 R  39 26
2209.5083 1.137E-02 1.875E+01   656.7892 2.245E-04 5.522E-20  1  0 R  18 26
2208.8535 3.408E-02 5.687E+01  7043.9492 1.380E-03 1.587E-20  3  2 R  38 26
2208.7246 2.273E-02 3.774E+01  3579.9751 6.609E-04 4.000E-20  2  1 R  27 26
2206.5520 3.407E-02 5.665E+01  6901.8379 1.343E-03 1.651E-20  3  2 R  37 26
2206.3535 1.137E-02 1.863E+01   587.7209 2.123E-04 5.393E-20  1  0 R  17 26
2205.9500 2.272E-02 3.756E+01  3477.5852 6.363E-04 4.042E-20  2  1 R  26 26
2204.2102 3.405E-02 5.643E+01  6763.3989 1.306E-03 1.715E-20  3  2 R  36 26
2203.1609 1.137E-02 1.851E+01   522.4751 2.001E-04 5.241E-20  1  0 R  16 26
2203.1365 2.271E-02 3.737E+01  3378.9536 6.117E-04 4.071E-20  2  1 R  25 26
2201.8276 3.404E-02 5.620E+01  6628.6372 1.268E-03 1.776E-20  3  2 R  35 26
2200.2842 2.270E-02 3.718E+01  3284.0845 5.871E-04 4.087E-20  2  1 R  24 26
2199.9309 1.136E-02 1.839E+01   461.0545 1.880E-04 5.067E-20  1  0 R  15 26
2199.4050 3.403E-02 5.597E+01  6497.5586 1.231E-03 1.835E-20  3  2 R  34 26
2197.3933 2.270E-02 3.699E+01  3192.9814 5.627E-04 4.088E-20  2  1 R  23 26
2196.9424 3.401E-02 5.573E+01  6370.1675 1.194E-03 1.891E-20  3  2 R  33 26
2196.6638 1.136E-02 1.827E+01   403.4612 1.759E-04 4.870E-20  1  0 R  14 26
2194.4639 2.269E-02 3.680E+01  3105.6479 5.383E-04 4.076E-20  2  1 R  22 26
2194.4395 3.400E-02 5.550E+01  6246.4697 1.157E-03 1.943E-20  3  2 R  32 26
2193.3591 1.135E-02 1.814E+01   349.6976 1.639E-04 4.651E-20  1  0 R  13 26
2191.8970 3.398E-02 5.526E+01  6126.4692 1.121E-03 1.991E-20  3  2 R  31 26
2191.4958 2.268E-02 3.660E+01  3022.0874 5.140E-04 4.048E-20  2  1 R  21 26
2190.0176 1.135E-02 1.800E+01   299.7656 1.519E-04 4.412E-20  1  0 R  12 26
2189.3147 3.397E-02 5.501E+01  6010.1709 1.084E-03 2.035E-20  3  2 R  30 26
2188.4900 2.267E-02 3.639E+01  2942.3027 4.898E-04 4.004E-20  2  1 R  20 26
2186.6929 3.396E-02 5.476E+01  5897.5796 1.047E-03 2.074E-20  3  2 R  29 26
2186.6389 1.134E-02 1.785E+01   253.6672 1.399E-04 4.152E-20  1  0 R  11 26
2185.4458 2.266E-02 3.619E+01  2866.2976 4.656E-04 3.945E-20  2  1 R  19 26
2184.0315 3.394E-02 5.451E+01  5788.6997 1.011E-03 2.108E-20  3  2 R  28 26
2183.2239 1.134E-02 1.770E+01   211.4041 1.280E-04 3.873E-20  1  0 R  10 26
2182.3635 2.265E-02 3.598E+01  2794.0742 4.416E-04 3.870E-20  2  1 R  18 26
2181.3311 3.393E-02 5.426E+01  5683.5352 9.743E-04 2.135E-20  3  2 R  27 26
2179.7720 1.134E-02 1.754E+01   172.9780 1.162E-04 3.577E-20  1  0 R   9 26
2179.2439 2.265E-02 3.576E+01  2725.6360 4.176E-04 3.779E-20  2  1 R  17 26
2178.5916 3.392E-02 5.400E+01  5582.0903 9.380E-04 2.157E-20  3  2 R  26 26
2176.2834 1.133E-02 1.735E+01   138.3904 1.044E-04 3.263E-20  1  0 R   8 26
2176.0862 2.264E-02 3.553E+01  2660.9856 3.937E-04 3.672E-20  2  1 R  16 26
2175.8130 3.391E-02 5.374E+01  5484.3687 9.018E-04 2.171E-20  3  2 R  25 26
2172.9956 3.390E-02 5.347E+01  5390.3745 8.657E-04 2.179E-20  3  2 R  24 26
2172.8911 2.263E-02 3.530E+01  2600.1250 3.699E-04 3.549E-20  2  1 R  15 26
2172.7588 1.133E-02 1.715E+01   107.6424 9.259E-05 2.936E-20  1  0 R   7 26
2170.1396 3.388E-02 5.320E+01  5300.1118 8.297E-04 2.179E-20  3  2 R  23 26
2169.6589 2.262E-02 3.506E+01  2543.0566 3.461E-04 3.410E-20  2  1 R  14 26
2169.1980 1.133E-02 1.692E+01    80.7354 8.086E-05 2.595E-20  1  0 R   6 26
2167.2451 3.387E-02 5.292E+01  5213.5830 7.938E-04 2.171E-20  3  2 R  22 26
2166.3894 2.262E-02 3.481E+01  2489.7832 3.225E-04 3.256E-20  2  1 R  13 26
2165.6011 1.132E-02 1.665E+01    57.6704 6.917E-05 2.242E-20  1  0 R   5 26
2164.3123 3.386E-02 5.264E+01  5130.7925 7.580E-04 2.156E-20  3  2 R  21 26
2163.0828 2.261E-02 3.455E+01  2440.3062 2.989E-04 3.088E-20  2  1 R  12 26
2161.9683 1.132E-02 1.631E+01    38.4481 5.753E-05 1.880E-20  1  0 R   4 26
2161.3413 3.385E-02 5.235E+01  5051.7432 7.223E-04 2.132E-20  3  2 R  20 26
2159.7393 2.260E-02 3.428E+01  2394.6279 2.754E-04 2.906E-20  2  1 R  11 26
2158.3320 3.384E-02 5.205E+01  4976.4380 6.867E-04 2.100E-20  3  2 R  19 26
2158.2998 1.132E-02 1.586E+01    23.0695 4.594E-05 1.511E-20  1  0 R   3 26
2156.3589 2.260E-02 3.398E+01  2352.7500 2.520E-04 2.710E-20  2  1 R  10 26
2155.2849 3.383E-02 5.175E+01  4904.8799 6.513E-04 2.059E-20  3  2 R  18 26
2154.5957 1.132E-02 1.521E+01    11.5350 3.438E-05 1.136E-20  1  0 R   2 26
2152.9419 2.259E-02 3.367E+01  2314.6738 2.286E-04 2.502E-20  2  1 R   9 26
2152.2000 3.382E-02 5.144E+01  4837.0718 6.160E-04 2.010E-20  3  2 R  17 26
2150.8560 1.131E-02 1.412E+01     3.8450 2.288E-05 7.580E-21  1  0 R   1 26
2149.4885 2.258E-02 3.332E+01  2280.4011 2.054E-04 2.283E-20  2  1 R   8 26
2149.0774 3.381E-02 5.112E+01  4773.0161 5.807E-04 1.953E-20  3  2 R  16 26
2147.0811 1.131E-02 1.170E+01     0.0000 1.142E-05 3.786E-21  1  0 R   0 26
2145.9988 2.258E-02 3.293E+01  2249.9333 1.822E-04 2.054E-20  2  1 R   7 26
2145.9175 3.380E-02 5.079E+01  4712.7158 5.456E-04 1.887E-20  3  2 R  15 26
2142.7200 3.379E-02 5.045E+01  4656.1724 5.106E-04 1.813E-20  3  2 R  14 26
2142.4729 2.257E-02 3.249E+01  2223.2715 1.592E-04 1.815E-20  2  1 R   6 26
2139.4854 3.379E-02 5.009E+01  4603.3887 4.757E-04 1.731E-20  3  2 R  13 26
2139.4260 1.131E-02 3.472E+01     3.8450 1.137E-05 3.756E-21  1  0 P   1 26
2138.9109 2.257E-02 3.197E+01  2200.4165 1.362E-04 1.568E-20  2  1 R   5 26
2136.2136 3.378E-02 4.972E+01  4554.3672 4.410E-04 1.641E-20  3  2 R  12 26
2135.5461 1.130E-02 2.302E+01    11.5350 2.270E-05 7.462E-21  1  0 P   2 26
2135.3132 2.256E-02 3.132E+01  2181.3691 1.133E-04 1.315E-20  2  1 R   4 26
2132.9050 3.377E-02 4.933E+01  4509.1089 4.063E-04 1.544E-20  3  2 R  11 26
2131.6797 2.256E-02 3.046E+01  2166.1306 9.043E-05 1.057E-20  2  1 R   3 26
2131.6316 1.130E-02 2.060E+01    23.0695 3.398E-05 1.110E-20  1  0 P   3 26
2129.5598 3.376E-02 4.891E+01  4467.6157 3.718E-04 1.440E-20  3  2 R  10 26
2128.0105 2.256E-02 2.922E+01  2154.7009 6.770E-05 7.947E-21  2  1 R   2 26
2127.6824 1.130E-02 1.951E+01    38.4481 4.521E-05 1.464E-20  1  0 P   4 26
2126.1780 3.376E-02 4.845E+01  4429.8896 3.374E-04 1.329E-20  3  2 R   9 26
2124.3059 2.255E-02 2.712E+01  2147.0811 4.504E-05 5.302E-21  2  1 R   1 26
2123.6987 1.130E-02 1.886E+01    57.6704 5.640E-05 1.808E-20  1  0 P   5 26
2122.7595 3.375E-02 4.796E+01  4395.9321 3.031E-04 1.213E-20  3  2 R   8 26
2120.5662 2.255E-02 2.248E+01  2143.2710 2.248E-05 2.648E-21  2  1 R   0 26
2119.6809 1.130E-02 1.841E+01    80.7354 6.755E-05 2.139E-20  1  0 P   6 26
2119.3047 3.374E-02 4.740E+01  4365.7441 2.689E-04 1.091E-20  3  2 R   7 26
2115.8137 3.374E-02 4.677E+01  4339.3276 2.349E-04 9.639E-21  3  2 R   6 26
2115.6289 1.130E-02 1.806E+01   107.6424 7.865E-05 2.456E-20  1  0 P   7 26
2112.9810 2.254E-02 6.669E+01  2147.0811 2.239E-05 2.627E-21  2  1 P   1 26
2112.2869 3.373E-02 4.601E+01  4316.6826 2.010E-04 8.329E-21  3  2 R   5 26
2111.5430 1.130E-02 1.779E+01   138.3904 8.970E-05 2.757E-20  1  0 P   8 26
2109.1362 2.254E-02 4.421E+01  2154.7009 4.470E-05 5.220E-21  2  1 P   2 26
2108.7241 3.373E-02 4.508E+01  4297.8101 1.672E-04 6.984E-21  3  2 R   4 26
2107.4231 1.129E-02 1.755E+01   172.9780 1.007E-04 3.041E-20  1  0 P   9 26
2105.2566 2.254E-02 3.957E+01  2166.1306 6.691E-05 7.764E-21  2  1 P   3 26
2105.1255 3.372E-02 4.385E+01  4282.7114 1.335E-04 5.612E-21  3  2 R   3 26
2103.2698 1.129E-02 1.735E+01   211.4041 1.117E-04 3.307E-20  1  0 P  10 26
2101.4915 3.372E-02 4.206E+01  4271.3872 9.993E-05 4.220E-21  3  2 R   2 26
2101.3423 2.253E-02 3.747E+01  2181.3691 8.904E-05 1.024E-20  2  1 P   4 26
2099.0828 1.129E-02 1.716E+01   253.6672 1.226E-04 3.553E-20  1  0 P  11 26
2097.8218 3.371E-02 3.904E+01  4263.8374 6.650E-05 2.815E-21  3  2 R   1 26
2097.3938 2.253E-02 3.622E+01  2200.4165 1.111E-04 1.265E-20  2  1 P   5 26
2094.8623 1.129E-02 1.699E+01   299.7656 1.335E-04 3.779E-20  1  0 P  12 26
2094.1169 3.371E-02 3.236E+01  4260.0620 3.319E-05 1.406E-21  3  2 R   0 26
2093.4109 2.253E-02 3.536E+01  2223.2715 1.330E-04 1.497E-20  2  1 P   6 26
2090.6086 1.129E-02 1.683E+01   349.6976 1.443E-04 3.984E-20  1  0 P  13 26
2089.3940 2.253E-02 3.470E+01  2249.9333 1.549E-04 1.719E-20  2  1 P   7 26
2086.6018 3.370E-02 9.602E+01  4263.8374 3.306E-05 1.395E-21  3  2 P   1 26
2086.3220 1.129E-02 1.668E+01   403.4612 1.551E-04 4.168E-20  1  0 P  14 26
2085.3430 2.253E-02 3.417E+01  2280.4011 1.767E-04 1.930E-20  2  1 P   8 26
2082.7920 3.370E-02 6.366E+01  4271.3872 6.599E-05 2.772E-21  3  2 P   2 26
2082.0022 1.129E-02 1.653E+01   461.0545 1.658E-04 4.330E-20  1  0 P  15 26
2081.2583 2.253E-02 3.372E+01  2314.6738 1.984E-04 2.129E-20  2  1 P   9 26
2078.9475 3.370E-02 5.698E+01  4282.7114 9.880E-05 4.124E-21  3  2 P   3 26
2077.6497 1.129E-02 1.639E+01   522.4751 1.765E-04 4.470E-20  1  0 P  16 26
2077.1399 2.253E-02 3.332E+01  2352.7500 2.200E-04 2.316E-20  2  1 P  10 26
2075.0684 3.370E-02 5.396E+01  4297.8101 1.315E-04 5.442E-21  3  2 P   4 26
2073.2646 1.129E-02 1.626E+01   587.7209 1.871E-04 4.587E-20  1  0 P  17 26
2072.9878 2.253E-02 3.297E+01  2394.6279 2.415E-04 2.489E-20  2  1 P  11 26
2071.1548 3.369E-02 5.216E+01  4316.6826 1.640E-04 6.721E-21  3  2 P   5 26
2068.8469 1.129E-02 1.613E+01   656.7892 1.977E-04 4.683E-20  1  0 P  18 26
2068.8025 2.253E-02 3.264E+01  2440.3062 2.629E-04 2.648E-20  2  1 P  12 26
2067.2068 3.369E-02 5.092E+01  4339.3276 1.965E-04 7.954E-21  3  2 P   6 26
2064.5840 2.253E-02 3.233E+01  2489.7832 2.842E-04 2.792E-20  2  1 P  13 26
2064.3970 1.129E-02 1.600E+01   729.6774 2.083E-04 4.758E-20  1  0 P  19 26
2063.2249 3.369E-02 4.997E+01  4365.7441 2.288E-04 9.135E-21  3  2 P   7 26
2060.3323 2.253E-02 3.204E+01  2543.0566 3.055E-04 2.921E-20  2  1 P  14 26
2059.9148 1.130E-02 1.588E+01   806.3828 2.188E-04 4.811E-20  1  0 P  20 26
2059.2090 3.369E-02 4.921E+01  4395.9321 2.609E-04 1.026E-20  3  2 P   8 26
2056.0476 2.253E-02 3.177E+01  2600.1250 3.267E-04 3.036E-20  2  1 P  15 26
2055.4004 1.130E-02 1.576E+01   886.9024 2.292E-04 4.844E-20  1  0 P  21 26
2055.1592 3.369E-02 4.856E+01  4429.8896 2.930E-04 1.132E-20  3  2 P   9 26
2051.7300 2.253E-02 3.150E+01  2660.9856 3.477E-04 3.135E-20  2  1 P  16 26
2051.0759 3.370E-02 4.799E+01  4467.6157 3.249E-04 1.231E-20  3  2 P  10 26
2050.8540 1.130E-02 1.564E+01   971.2332 2.396E-04 4.857E-20  1  0 P  22 26
2047.3800 2.253E-02 3.124E+01  2725.6360 3.687E-04 3.218E-20  2  1 P  17 26
2046.9589 3.370E-02 4.748E+01  4509.1089 3.567E-04 1.323E-20  3  2 P  11 26
2046.2761 1.130E-02 1.552E+01  1059.3718 2.500E-04 4.851E-20  1  0 P  23 26
2042.9974 2.254E-02 3.099E+01  2794.0742 3.896E-04 3.287E-20  2  1 P  18 26
2042.8086 3.370E-02 4.701E+01  4554.3672 3.883E-04 1.408E-20  3  2 P  12 26
2041.6664 1.130E-02 1.540E+01  1151.3149 2.603E-04 4.827E-20  1  0 P  24 26
2038.6250 3.370E-02 4.656E+01  4603.3887 4.199E-04 1.485E-20  3  2 P  13 26
2038.5824 2.254E-02 3.075E+01  2866.2976 4.104E-04 3.340E-20  2  1 P  19 26
2037.0253 1.130E-02 1.529E+01  1247.0592 2.706E-04 4.786E-20  1  0 P  25 26
2034.4083 3.370E-02 4.615E+01  4656.1724 4.513E-04 1.555E-20  3  2 P  14 26
2034.1353 2.254E-02 3.051E+01  2942.3027 4.311E-04 3.379E-20  2  1 P  20 26
2032.3528 1.130E-02 1.517E+01  1346.6008 2.808E-04 4.729E-20  1  0 P  26 26
2030.1587 3.371E-02 4.575E+01  4712.7158 4.825E-04 1.616E-20  3  2 P  15 26
2029.6559 2.254E-02 3.028E+01  3022.0874 4.517E-04 3.403E-20  2  1 P  21 26
2027.6490 1.131E-02 1.506E+01  1449.9359 2.910E-04 4.657E-20  1  0 P  27 26
2025.8763 3.371E-02 4.537E+01  4773.0161 5.137E-04 1.669E-20  3  2 P  16 26
2025.1447 2.255E-02 3.005E+01  3105.6479 4.722E-04 3.413E-20  2  1 P  22 26
2022.9144 1.131E-02 1.495E+01  1557.0607 3.011E-04 4.571E-20  1  0 P  28 26
2021.5612 3.371E-02 4.500E+01  4837.0718 5.447E-04 1.714E-20  3  2 P  17 26
2020.6018 2.255E-02 2.982E+01  3192.9814 4.927E-04 3.410E-20  2  1 P  23 26
2018.1488 1.131E-02 1.484E+01  1667.9709 3.112E-04 4.473E-20  1  0 P  29 26
2017.2136 3.372E-02 4.464E+01  4904.8799 5.756E-04 1.751E-20  3  2 P  18 26
2016.0272 2.255E-02 2.960E+01  3284.0845 5.130E-04 3.395E-20  2  1 P  24 26
2013.3524 1.131E-02 1.473E+01  1782.6624 3.213E-04 4.365E-20  1  0 P  30 26
2012.8337 3.372E-02 4.429E+01  4976.4380 6.063E-04 1.780E-20  3  2 P  19 26
2011.4211 2.256E-02 2.938E+01  3378.9536 5.333E-04 3.367E-20  2  1 P  25 26
2008.5254 1.132E-02 1.462E+01  1901.1309 3.313E-04 4.246E-20  1  0 P  31 26
2008.4215 3.373E-02 4.395E+01  5051.7432 6.369E-04 1.801E-20  3  2 P  20 26
2006.7836 2.256E-02 2.916E+01  3477.5852 5.535E-04 3.329E-20  2  1 P  26 26
2003.9773 3.374E-02 4.361E+01  5130.7925 6.674E-04 1.815E-20  3  2 P  21 26
2003.6678 1.132E-02 1.451E+01  2023.3715 3.412E-04 4.118E-20  1  0 P  32 26
2002.1150 2.257E-02 2.894E+01  3579.9751 5.736E-04 3.280E-20  2  1 P  27 26
1999.5012 3.374E-02 4.328E+01  5213.5830 6.978E-04 1.821E-20  3  2 P  22 26
1998.7802 1.132E-02 1.440E+01  2149.3799 3.511E-04 3.984E-20  1  0 P  33 26
1997.4153 2.257E-02 2.872E+01  3686.1196 5.935E-04 3.221E-20  2  1 P  28 26
1994.9933 3.375E-02 4.295E+01  5300.1118 7.280E-04 1.820E-20  3  2 P  23 26
1993.8622 1.133E-02 1.429E+01  2279.1509 3.610E-04 3.843E-20  1  0 P  34 26
1992.6848 2.258E-02 2.851E+01  3796.0149 6.134E-04 3.154E-20  2  1 P  29 26
1990.4537 3.376E-02 4.263E+01  5390.3745 7.581E-04 1.813E-20  3  2 P  24 26
1988.9142 1.133E-02 1.418E+01  2412.6802 3.708E-04 3.697E-20  1  0 P  35 26
1987.9233 2.259E-02 2.830E+01  3909.6562 6.333E-04 3.078E-20  2  1 P  30 26
1985.8827 3.376E-02 4.231E+01  5484.3687 7.881E-04 1.799E-20  3  2 P  25 26
1983.9363 1.134E-02 1.408E+01  2549.9619 3.806E-04 3.547E-20  1  0 P  36 26
1983.1315 2.259E-02 2.808E+01  4027.0393 6.530E-04 2.996E-20  2  1 P  31 26
1981.2803 3.377E-02 4.200E+01  5582.0903 8.179E-04 1.779E-20  3  2 P  26 26
1978.9286 1.134E-02 1.397E+01  2690.9912 3.903E-04 3.395E-20  1  0 P  37 26
1978.3090 2.260E-02 2.787E+01  4148.1602 6.726E-04 2.908E-20  2  1 P  32 26
1976.6467 3.378E-02 4.168E+01  5683.5352 8.476E-04 1.754E-20  3  2 P  27 26
1973.8914 1.134E-02 1.386E+01  2835.7627 4.000E-04 3.241E-20  1  0 P  38 26
1973.4563 2.261E-02 2.767E+01  4273.0132 6.922E-04 2.814E-20  2  1 P  33 26
1971.9821 3.379E-02 4.137E+01  5788.6997 8.772E-04 1.723E-20  3  2 P  28 26
1968.8247 1.135E-02 1.376E+01  2984.2705 4.096E-04 3.086E-20  1  0 P  39 26
1968.5734 2.262E-02 2.746E+01  4401.5942 7.116E-04 2.716E-20  2  1 P  34 26
1967.2866 3.380E-02 4.107E+01  5897.5796 9.066E-04 1.688E-20  3  2 P  29 26
1963.7288 1.135E-02 1.365E+01  3136.5095 4.192E-04 2.931E-20  1  0 P  40 26
1963.6604 2.262E-02 2.725E+01  4533.8984 7.310E-04 2.615E-20  2  1 P  35 26
1962.5603 3.381E-02 4.076E+01  6010.1709 9.359E-04 1.649E-20  3  2 P  30 26
1958.7175 2.263E-02 2.705E+01  4669.9199 7.503E-04 2.510E-20  2  1 P  36 26
1958.6035 1.136E-02 1.355E+01  3292.4734 4.288E-04 2.777E-20  1  0 P  41 26
1957.8033 3.382E-02 4.045E+01  6126.4692 9.651E-04 1.605E-20  3  2 P  31 26
1953.7449 2.264E-02 2.684E+01  4809.6538 7.694E-04 2.404E-20  2  1 P  37 26
1953.4493 1.136E-02 1.344E+01  3452.1562 4.383E-04 2.625E-20  1  0 P  42 26
1953.0160 3.384E-02 4.015E+01  6246.4697 9.941E-04 1.559E-20  3  2 P  32 26
1948.7427 2.265E-02 2.664E+01  4953.0952 7.885E-04 2.296E-20  2  1 P  38 26
1948.2662 1.137E-02 1.334E+01  3615.5520 4.477E-04 2.476E-20  1  0 P  43 26
1948.1982 3.385E-02 3.985E+01  6370.1675 1.023E-03 1.510E-20  3  2 P  33 26
1943.7111 2.266E-02 2.643E+01  5100.2383 8.075E-04 2.188E-20  2  1 P  39 26
1943.3503 3.386E-02 3.955E+01  6497.5586 1.052E-03 1.458E-20  3  2 P  34 26
1943.0543 1.137E-02 1.323E+01  3782.6545 4.571E-04 2.329E-20  1  0 P  44 26
1938.6501 2.267E-02 2.623E+01  5251.0767 8.265E-04 2.080E-20  2  1 P  40 26
1938.4725 3.387E-02 3.925E+01  6628.6372 1.080E-03 1.404E-20  3  2 P  35 26
1937.8138 1.138E-02 1.313E+01  3953.4575 4.665E-04 2.187E-20  1  0 P  45 26
1933.5647 3.389E-02 3.896E+01  6763.3989 1.109E-03 1.349E-20  3  2 P  36 26
1933.5599 2.268E-02 2.603E+01  5405.6055 8.453E-04 1.972E-20  2  1 P  41 26
1932.5450 1.138E-02 1.303E+01  4127.9541 4.758E-04 2.048E-20  1  0 P  46 26
1928.6271 3.390E-02 3.866E+01  6901.8379 1.137E-03 1.293E-20  3  2 P  37 26
1928.4407 2.269E-02 2.583E+01  5563.8184 8.640E-04 1.865E-20  2  1 P  42 26
1927.2477 1.139E-02 1.292E+01  4306.1372 4.851E-04 1.914E-20  1  0 P  47 26
1923.6600 3.392E-02 3.837E+01  7043.9492 1.166E-03 1.235E-20  3  2 P  38 26
1923.2926 2.270E-02 2.563E+01  5725.7090 8.827E-04 1.760E-20  2  1 P  43 26
1921.9224 1.140E-02 1.282E+01  4488.0010 4.943E-04 1.784E-20  1  0 P  48 26
1918.6633 3.393E-02 3.807E+01  7189.7266 1.194E-03 1.178E-20  3  2 P  39 26
1918.1158 2.271E-02 2.543E+01  5891.2710 9.012E-04 1.657E-20  2  1 P  44 26
1916.5688 1.140E-02 1.272E+01  4673.5381 5.035E-04 1.660E-20  1  0 P  49 26
1913.6375 3.395E-02 3.778E+01  7339.1655 1.222E-03 1.120E-20  3  2 P  40 26
1912.9103 2.273E-02 2.523E+01  6060.4990 9.197E-04 1.557E-20  2  1 P  45 26
1908.5822 3.397E-02 3.749E+01  7492.2588 1.250E-03 1.063E-20  3  2 P  41 26
1907.6764 2.274E-02 2.503E+01  6233.3853 9.381E-04 1.459E-20  2  1 P  46 26
1903.4980 3.398E-02 3.720E+01  7649.0015 1.277E-03 1.006E-20  3  2 P  42 26
1902.4142 2.275E-02 2.483E+01  6409.9233 9.564E-04 1.365E-20  2  1 P  47 26
1898.3850 3.400E-02 3.691E+01  7809.3872 1.305E-03 9.504E-21  3  2 P  43 26
1897.1238 2.277E-02 2.463E+01  6590.1069 9.746E-04 1.273E-20  2  1 P  48 26
1893.2432 3.402E-02 3.662E+01  7973.4092 1.332E-03 8.955E-21  3  2 P  44 26
1891.8054 2.278E-02 2.443E+01  6773.9287 9.927E-04 1.186E-20  2  1 P  49 26
1888.0728 3.404E-02 3.633E+01  8141.0615 1.360E-03 8.419E-21  3  2 P  45 26
1882.8739 3.406E-02 3.604E+01  8312.3379 1.387E-03 7.897E-21  3  2 P  46 26
1877.6467 3.408E-02 3.576E+01  8487.2305 1.414E-03 7.390E-21  3  2 P  47 26
1872.3914 3.410E-02 3.547E+01  8665.7344 1.441E-03 6.901E-21  3  2 P  48 26
1867.1078 3.412E-02 3.519E+01  8847.8398 1.468E-03 6.430E-21  3  2 P  49 26
